training_stats:
  num_epochs: 100
  final_G_loss: 1.0596811771392822
  final_D_loss: 1.0484066009521484
  final_D_accuracy: 0.9411764740943909
synthetic_dataset:
  num_samples: 1000
validation_results:
  mean_transit_depth: 0.0110012236982584
  std_transit_depth: 0.30972498655319214
  mean_std_flux: 0.07864417135715485
  max_std_flux: 0.14506104588508606
